50,-50,1100; 150,-50,1100; 150,50,1100; 50,50,1100;
50,-50,1200; 150,-50,1200; 150,50,1200; 50,50,1200;
50,-50,1100; 150,-50,1100; 150,-50,1200; 50,-50,1200;
150,50,1100; 50,50,1100; 50,50,1200; 150,50,1200;
-55,-50,1100; 45,-50,1100; 45,50,1100; -55,50,1100;
-55,-50,1200; 45,-50,1200; 45,50,1200; -55,50,1200;
-55,-50,1100; 45,-50,1100; 45,-50,1200; -55,-50,1200;
45,50,1100; -55,50,1100; -55,50,1200; 45,50,1200;
155,-50,1100; 255,-50,1100; 255,50,1100; 155,50,1100;
155,-50,1200; 255,-50,1200; 255,50,1200; 155,50,1200;
155,-50,1100; 255,-50,1100; 255,-50,1200; 155,-50,1200;
255,50,1100; 155,50,1100; 155,50,1200; 255,50,1200;
202.5,55,1100; 102.5,55,1100; 102.5,155,1100; 202.5,155,1100;
202.5,55,1200; 102.5,55,1200; 102.5,155,1200; 202.5,155,1200;
202.5,55,1100; 102.5,55,1100; 102.5,55,1200; 202.5,55,1200;
102.5,155,1100; 202.5,155,1100; 202.5,155,1200; 102.5,155,1200;
-2.5,55,1100; 97.5,55,1100; 97.5,155,1100; -2.5,155,1100;
-2.5,55,1200; 97.5,55,1200; 97.5,155,1200; -2.5,155,1200;
-2.5,55,1100; 97.5,55,1100; 97.5,55,1200; -2.5,55,1200;
97.5,155,1100; -2.5,155,1100; -2.5,155,1200; 97.5,155,1200;
50,160,1100; 150,160,1100; 150,260,1100; 50,260,1100;
50,160,1200; 150,160,1200; 150,260,1200; 50,260,1200;
50,160,1100; 150,160,1100; 150,160,1200; 50,160,1200;
150,260,1100; 50,260,1100; 50,260,1200; 150,260,1200;
-150,-100,1100; -350,-100,1100; -250,-100,1273.20508;
-150,-100,1100; -350,-100,1100; -250,63.29935,1157.73508;
-150,-100,1100; -250,-100,1273.20508; -250,63.29935,1157.73508;
-150,-100,1100; -350,-100,1100; -250,-263.29935,1157.73508;
-150,-100,1100; -250,-100,1273.20508; -250,-263.29935,1157.73508;
-500,300,1200; -700,300,1200; -700,300,1400; -500,300,1400;
-500,300,1200; -700,300,1200; -600,441.4216,1300;
-500,300,1400; -700,300,1400; -600,441.4216,1300;
-500,300,1200; -700,300,1200; -600,158.5784,1300;
-500,300,1400; -700,300,1400; -600,158.5784,1300;
